1
1
1
1
1
1
1
1
1
1
1
0.98250000000000004
0.96499999999999997
0.94750000000000001
0.93000000000000005
0.91249999999999998
0.89500000000000002
0.87750000000000006
0.85999999999999999
0.84250000000000003
0.82499999999999996
0.8075
0.79000000000000004
0.77249999999999996
0.755
0.73750000000000004
0.71999999999999997
0.70250000000000001
0.68500000000000005
0.66749999999999998
0.65000000000000002
0.63250000000000006
0.61499999999999999
0.59750000000000003
0.58000000000000007
0.5625
0.54500000000000004
0.52750000000000008
0.51000000000000001
0.49250000000000005
0.47499999999999998
0.45750000000000002
0.44000000000000006
0.4225000000000001
0.40500000000000003
0.38749999999999996
0.37
0.35250000000000004
0.33500000000000008
0.31750000000000012
0.29999999999999999
0.29999999999999999
0.29999999999999999
0.29999999999999999
0.29999999999999999
0.29999999999999999
0.29999999999999999
0.29999999999999999
0.29999999999999999
0.29999999999999999
0.29999999999999999
0.29999999999999999
0.29999999999999999
0.29999999999999999
0.29999999999999999
0.29999999999999999
0.29999999999999999
0.29999999999999999
0.29999999999999999
0.29999999999999999
0.29999999999999999
0.29999999999999999
0.29999999999999999
0.29999999999999999
0.29999999999999999
0.29999999999999999
0.29999999999999999
0.29999999999999999
0.29999999999999999
0.29999999999999999
0.29999999999999999
0.29999999999999999
0.29999999999999999
0.29999999999999999
0.29999999999999999
0.29999999999999999
0.29999999999999999
0.29999999999999999
0.29999999999999999
0.29999999999999999
0.29999999999999999
0.29999999999999999
0.29999999999999999
0.29999999999999999
0.29999999999999999
0.29999999999999999
0.29999999999999999
0.29999999999999999
0.29999999999999999
0.29999999999999999
0.29999999999999999
0.29999999999999999
0.29999999999999999
0.29999999999999999
0.29999999999999999
0.29999999999999999
0.29999999999999999
0.29999999999999999
0.29999999999999999
0.29999999999999999
0.29999999999999999
0.29999999999999999
0.29999999999999999
0.29999999999999999
0.29999999999999999
0.29999999999999999
0.29999999999999999
0.29999999999999999
0.29999999999999999
0.29999999999999999
0.29999999999999999
0.29999999999999999
0.29999999999999999
0.29999999999999999
0.29999999999999999
0.29999999999999999
0.29999999999999999
0.29999999999999999
0.29999999999999999
0.29999999999999999
0.29999999999999999
0.29999999999999999
0.29999999999999999
0.29999999999999999
0.29999999999999999
0.29999999999999999
0.29999999999999999
0.29999999999999999
0.29999999999999999
0.29999999999999999
0.29999999999999999
0.29999999999999999
0.29999999999999999
0.29999999999999999
0.29999999999999999
0.29999999999999999
0.29999999999999999
0.29999999999999999
0.29999999999999999
0.29999999999999999
0.29999999999999999
0.29999999999999999
0.29999999999999999
0.29999999999999999
0.29999999999999999
0.29999999999999999
0.29999999999999999
0.29999999999999999
0.29999999999999999
0.29999999999999999
0.29999999999999999
0.29999999999999999
0.29999999999999999
0.29999999999999999
0.29999999999999999
0.29999999999999999
0.29999999999999999
0.29999999999999999
0.29999999999999999
0.29999999999999999
0.29999999999999999
0.29999999999999999
0.29999999999999999
0.29999999999999999
0.29999999999999999
0.29999999999999999
0.29999999999999999
0.29999999999999999
0.29999999999999999
0.29999999999999999
0.29999999999999999
0.29999999999999999
0.29999999999999999
0.29999999999999999
0.29999999999999999
0.29999999999999999
0.29999999999999999
0.29999999999999999
0.29999999999999999
0.29999999999999999
0.29999999999999999
0.29999999999999999
0.29999999999999999
0.29999999999999999
0.29999999999999999
0.29999999999999999
0.29999999999999999
0.29999999999999999
0.29999999999999999
0.29999999999999999
0.29999999999999999
0.29999999999999999
0.29999999999999999
0.29999999999999999
0.29999999999999999
0.29999999999999999
0.29999999999999999
0.29999999999999999
0.29999999999999999
0.29999999999999999
0.29999999999999999
0.29999999999999999
0.29999999999999999
0.29999999999999999
0.29999999999999999
0.29999999999999999
0.29999999999999999
0.29999999999999999
0.29999999999999999
0.29999999999999999
0.29999999999999999
0.29999999999999999
0.29999999999999999
0.29999999999999999
0.29999999999999999
0.29999999999999999
0.29999999999999999
0.29999999999999999
0.29999999999999999
0.29999999999999999
0.29999999999999999
0.29999999999999999
0.29999999999999999
0.29999999999999999
0.29999999999999999
0.29999999999999999
0.29999999999999999
0.29999999999999999
0.29999999999999999
0.29999999999999999
0.29999999999999999
0.29999999999999999
0.29999999999999999
0.29999999999999999
0.29999999999999999
0.29999999999999999
0.29999999999999999
0.29999999999999999
0.29999999999999999
0.29999999999999999
0.29999999999999999
0.29999999999999999
0.29999999999999999
0.29999999999999999
0.29999999999999999
0.29999999999999999
0.29999999999999999
