1229
1229
1229
1229
1229
1229
1229
1229
1229
1229
1229
1229
1243
1256
1270
1284
1298
1312
1326
1340
1353
1367
1381
1395
1409
1423
1436
1450
1464
1478
1492
1506
1519
1533
1547
1561
1575
1589
1602
1616
1630
1644
1658
1672
1685
1699
1713
1727
1741
1755
1768
1782
1796
1810
1824
1838
1852
1865
1879
1893
1907
1921
1935
1948
1962
1976
1990
2004
2018
2031
2045
2059
2073
2087
2101
2114
2128
2142
2156
2170
2184
2197
2211
2225
2239
2253
2267
2280
2294
2308
2322
2336
2350
2364
2377
2391
2405
2419
2433
2447
2460
2474
2488
2502
2516
2530
2543
2557
2571
2585
2599
2613
2626
2640
2654
2668
2682
2696
2709
2723
2737
2751
2765
2779
2792
2806
2820
2834
2848
2862
2876
2889
2903
2917
2931
2945
2959
2972
2986
3000
3014
3028
3042
3055
3069
3083
3097
3111
3125
3138
3152
3166
3180
3194
3208
3221
3235
3249
3263
3277
3277
3277
3277
3277
3277
3277
3277
3277
3277
3277
3277
3277
3277
3277
3277
3277
3277
3277
3277
3277
3277
3277
3277
3277
3277
3277
3277
3277
3277
3277
3277
3277
3277
3277
3277
3277
3277
3277
3277
3277
3277
3277
3277
3277
3277
3277
3277
3277
3277
3277
3277
3277
3277
3277
3277
3277
3277
3277
3277
3277
3277
3277
3277
3277
3277
3277
3277
3277
3277
3277
3277
3277
3277
3277
3277
3277
3277
3277
3277
3277
3277
3277
3277
3277
3277
3277
3277
3277
3277
3277
3277
3277
3277
3277
3277
3277
3277
3277
3277
3277
3277
3277
3277
3277
3277
3277
3277
3277
3277
3277
3277
3277
3277
3277
3277
3277
3277
3277
3277
3277
3277
3277
3277
3277
3277
3277
3277
3277
3277
3277
3277
3277
3277
3277
3277
3277
3277
3277
3277
3277
3277
3277
3277
3277
3277
3277
3277
3277
3277
3277
3277
3277
3277
3277
3277
3277
3277
3277
3277
3277
3277
3277
3277
3277
3277
3277
3277
3277
3277
3277
3277
3277
3277
3277
3277
3277
3277
3277
3277
3277
3277
3277
3277
3277
3277
3277
3277
3277
3277
3277
3277
3277
3277
3277
3277
3277
3277
3277
3277
3277
3277
3277
3277
3277
3277
3277
3277
3277
3277
3277
3277
3277
3277
3277
3277
3277
3277
3277
3277
3277
3277
3277
3277
3277
3277
3277
3277
3277
3277
3277
3277
3277
3277
3277
3277
3277
3277
3277
3277
3277
3277
3277
3277
3277
3277
3277
3277
3277
3277
3277
3277
3277
3277
3277
3277
3277
3277
3277
3277
3277
3277
3277
3277
3277
3277
3277
3277
3277
3277
3277
3277
3277
3277
3277
3277
3277
3277
3277
3277
3277
3277
3277
3277
3277
3277
3277
3277
3277
3277
3277
3277
3277
3277
3277
3277
3277
3277
3277
3277
3277
3277
3277
3277
3277
3277
3277
3277
3277
3277
3277
3277
3277
3277
3277
3277
3277
3277
3277
3277
3277
3277
3277
3277
3277
3277
3277
3277
3277
3277
3277
3277
3277
3277
3277
3277
3277
3277
3277
3277
3277
3277
3277
3277
3277
3277
3277
3277
3277
3277
3277
3277
3277
3277
3277
3277
3277
3277
3277
3277
3277
3277
3277
3277
3277
3277
3277
3277
3277
3277
3277
3277
3277
3277
3277
3277
3277
3277
3277
3277
3277
3277
3277
3277
3277
3277
3277
3277
3277
3277
3277
3277
3277
3277
3277
3277
3277
3277
3277
3277
3277
3277
3277
3277
3277
3277
3277
3277
3277
3277
3277
3277
3277
3277
3277
3277
3277
3277
3277
3277
3277
3277
3277
3277
3277
3277
3277
3277
3277
3277
3277
3277
3277
3277
3277
3277
3277
3277
3277
3277
3277
3277
3277
3277
3277
3277
3277
3277
3277
3277
3277
3277
3277
3277
3277
3277
3277
3277
3277
3277
3277
3277
3277
3277
3277
3277
3277
3277
3277
3277
3277
3277
3277
3277
3277
3277
3277
3277
3277
3277
3277
3277
3277
3277
3277
3277
3277
3277
3277
3277
3277
3277
3277
3277
3277
3277
3277
3277
3277
3277
3277
3277
3277
3277
3277
3277
3277
3277
3277
3277
3277
3277
3277
3277
3277
3277
3277
3277
3277
3277
3277
3277
3277
3277
3277
3277
3277
3277
3277
3277
3277
3277
3277
3277
3277
3277
3277
3277
3277
3277
3277
3277
3277
3277
3277
3277
3277
3277
3277
3277
3277
3277
3277
3277
3277
3277
3277
3277
3277
3277
3277
3277
3277
3277
3277
3277
3277
3277
3277
3277
3277
3277
3277
3277
3277
3277
3277
3277
3277
3277
3277
3277
3277
3277
3277
3277
3277
3277
3277
3277
3277
3277
3277
3277
3277
3277
3277
3277
3277
3277
3277
3277
3277
3277
3277
3277
3277
3277
3277
3277
3277
3277
3277
3277
3277
3277
3277
3277
3277
3277
3277
3277
3277
3277
3277
3277
3277
3277
3277
3277
3277
3277
3277
3277
3277
3277
3277
3277
3277
3277
3277
3277
3277
3277
3277
3277
3277
3277
3277
3277
3277
3277
3277
3277
3277
3277
3277
3277
3277
3277
3277
3277
3277
3277
3277
3277
3277
3277
3277
3277
3277
3277
3277
3277
3277
3277
3277
3277
3277
3277
3277
3277
3277
3277
3277
3277
3277
3277
3277
3277
3277
3277
3277
3277
3277
3277
3277
3277
3277
3277
3277
3277
3277
3277
3277
3277
3277
3277
3277
3277
3277
3277
3277
3277
3277
3277
3277
3277
3277
3277
3277
3277
3277
3277
3277
3277
3277
3277
3277
3277
3277
3277
3277
3277
3277
3277
3277
3277
3277
3277
3277
3277
3277
3277
3277
3277
3277
3277
3277
3277
3277
3277
3277
3277
3277
3277
3277
3277
3277
3277
3277
3277
3277
3277
3277
3277
3277
3277
3277
3277
3277
3277
3277
3277
3277
3277
3277
3277
3277
3277
3277
3277
3277
3277
3277
3277
3277
3277
3277
3277
3277
3277
3277
3277
3277
3277
3277
3277
3277
3277
3277
3277
3277
3277
3277
3277
3277
3277
3277
3277
3277
3277
3277
3277
3277
3277
3277
3277
3277
3277
3277
3277
3277
3277
3277
3277
3277
3277
3277
3277
3277
3277
3277
3277
3277
3277
3277
3277
3277
3277
3277
3277
3277
3277
3277
3277
3277
3277
3277
3277
3277
3277
3277
3277
3277
3277
3277
3277
3277
3277
3277
3277
3277
3277
3277
3277
3277
3277
3277
3277
3277
3277
3277
3277
3277
3277
3277
3277
3277
3277
3277
3277
3277
3277
3277
3277
3277
3277
3277
3277
3277
3277
3277
3277
3277
3277
3277
3277
3277
3277
3277
3277
3277
3277
3277
3277
3277
3277
3277
3277
3277
3277
3277
3277
3277
3277
3277
3277
3277
3277
3277
3277
3277
3277
3277
3277
3277
3277
3277
3277
3277
3277
3277
3277
3277
3277
3277
3277
3277
3277
3277
3277
3277
3277
3277
3277
3277
3277
3277
3277
3277
3277
3277
3277
3277
3277
3277
3277
3277
3277
3277
3277
3277
3277
3277
3277
3277
3277
3277
3277
3277
3277
3277
3277
3277
3277
3277
3277
3277
3277
3277
3277
3277
3277
3277
3277
3277
3277
3277
3277
3277
3277
3277
3277
3277
3277
3277
3277
3277
3277
3277
3277
3277
3277
3277
3277
3277
3277
3277
3277
3277
3277
3277
3277
3277
3277
3277
3277
3277
3277
3277
3277
3277
3277
3277
3277
3277
3277
3277
3277
3277
3277
3277
3277
3277
3277
3277
3277
3277
3277
3277
3277
3277
3277
3277
3277
3277
3277
3277
3277
3277
3277
3277
3277
3277
3277
3277
3277
3277
3277
3277
3277
3277
3277
3277
3277
3277
3277
3277
3277
3277
3277
3277
3277
3277
3277
3277
3277
3277
3277
3277
3277
3277
3277
3277
3277
3277
3277
3277
3277
3277
3277
3277
3277
3277
3277
3277
3277
3277
3277
3277
3277
3277
3277
3277
3277
3277
3277
3277
3277
3277
3277
3277
3277
3277
3277
3277
3277
3277
3277
3277
3277
3277
3277
3277
3277
3277
3277
3277
3277
3277
3277
3277
3277
3277
3277
3277
3277
3277
3277
3277
3277
3277
3277
3277
3277
3277
3277
3277
3277
3277
3277
3277
3277
3277
3277
3277
3277
3277
3277
3277
3277
3277
3277
3277
3277
3277
3277
3277
3277
3277
3277
3277
3277
3277
3277
3277
3277
3277
3277
3277
3277
3277
3277
3277
3277
3277
3277
3277
3277
3277
3277
3277
3277
3277
3277
3277
3277
3277
3277
3277
3277
3277
3277
3277
3277
3277
3277
3277
3277
3277
3277
3277
3277
3277
3277
3277
3277
3277
3277
3277
3277
3277
3277
3277
3277
3277
3277
3277
3277
3277
3277
3277
3277
3277
3277
3277
3277
3277
3277
3277
3277
3277
3277
3277
3277
3277
3277
3277
3277
3277
3277
3277
3277
3277
3277
3277
3277
3277
3277
3277
3277
3277
3277
3277
3277
3277
3277
3277
3277
3277
3277
3277
3277
3277
3277
3277
3277
3277
3277
3277
3277
3277
3277
3277
3277
3277
3277
3277
3277
3277
3277
3277
3277
3277
3277
3277
3277
3277
3277
3277
3277
3277
3277
3277
3277
3277
3277
3277
3277
3277
3277
3277
3277
3277
3277
3277
3277
3277
3277
3277
3277
3277
3277
3277
3277
3277
3277
3277
3277
3277
3277
3277
3277
3277
3277
3277
3277
3277
3277
3277
3277
3277
3277
3277
3277
3277
3277
3277
3277
3277
3277
3277
3277
3277
3277
3277
3277
3277
3277
3277
3277
3277
3277
3277
3277
3277
3277
3277
3277
3277
3277
3277
3277
3277
3277
3277
3277
3277
3277
3277
3277
3277
3277
3277
3277
3277
3277
3277
3277
3277
3277
3277
3277
3277
3277
3277
3277
3277
3277
3277
3277
3277
3277
3277
3277
3277
3277
3277
3277
3277
3277
3277
3277
3277
3277
3277
3277
3277
3277
3277
3277
3277
3277
3277
3277
3277
3277
3277
3277
3277
3277
3277
3277
3277
3277
3277
3277
3277
3277
3277
3277
3277
3277
3277
3277
3277
3277
3277
3277
3277
3277
3277
3277
3277
3277
3277
3277
3277
3277
3277
3277
3277
3277
3277
3277
3277
3277
3277
3277
3277
3277
3277
3277
3277
3277
3277
3277
3277
3277
3277
3277
3277
3277
3277
3277
3277
3277
3277
3277
3277
3277
3277
3277
3277
3277
3277
3277
3277
3277
3277
3277
3277
3277
3277
3277
3277
3277
3277
3277
3277
3277
3277
3277
3277
3277
3277
3277
3277
3277
3277
3277
3277
3277
3277
3277
3277
3277
3277
3277
3277
3277
3277
3277
3277
3277
3277
3277
3277
3277
3277
3277
3277
3277
3277
3277
3277
3277
3277
3277
3277
3277
3277
3277
3277
3277
3277
3277
3277
3277
3277
3277
3277
3277
3277
3277
3277
3277
3277
3277
3277
3277
3277
3277
3277
3277
3277
3277
3277
3277
3277
3277
3277
3277
3277
3277
3277
3277
3277
3277
3277
3277
3277
3277
3277
3277
3277
3277
3277
3277
3277
3277
3277
3277
3277
3277
3277
3277
3277
3277
3277
3277
3277
3277
3277
3277
3277
3277
3277
3277
3277
3277
3277
3277
3277
3277
3277
3277
3277
3277
3277
3277
3277
3277
3277
3277
3277
3277
3277
3277
3277
3277
3277
3277
3277
3277
3277
3277
3277
3277
3277
3277
3277
3277
3277
3277
3277
3277
3277
3277
3277
3277
3277
3277
3277
3277
3277
3277
3277
3277
3277
3277
3277
3277
3277
3277
3277
3277
3277
3277
3277
3277
3277
3277
3277
3277
3277
3277
3277
3277
3277
3277
3277
3277
3277
3277
3277
3277
3277
3277
3277
3277
3277
3277
3277
3277
3277
3277
3277
3277
3277
3277
3277
3277
3277
3277
3277
3277
3277
3277
3277
3277
3277
3277
3277
3277
3277
3277
3277
3277
3277
3277
3277
3277
3277
3277
3277
3277
3277
3277
3277
3277
3277
3277
3277
3277
3277
3277
3277
3277
3277
3277
3277
3277
3277
3277
3277
3277
3277
3277
3277
3277
3277
3277
3277
3277
3277
3277
3277
3277
3277
3277
3277
3277
3277
3277
3277
3277
3277
3277
3277
3277
3277
3277
3277
3277
3277
3277
3277
3277
3277
3277
3277
3277
3277
3277
3277
3277
3277
3277
3277
3277
3277
3277
3277
3277
3277
3277
3277
3277
3277
3277
3277
3277
3277
3277
3277
3277
3277
3277
3277
3277
3277
3277
3277
3277
3277
3277
3277
3277
3277
3277
3277
3277
3277
3277
3277
3277
3277
3277
3277
3277
3277
3277
3277
3277
3277
3277
3277
3277
3277
3277
3277
3277
3277
3277
3277
3277
3277
3277
3277
3277
3277
3277
3277
3277
3277
3277
3277
3277
3277
3277
3277
3277
3277
3277
3277
3277
3277
3277
3277
3277
3277
3277
3277
3277
3277
3277
3277
3277
3277
3277
3277
3277
3277
3277
3277
3277
3277
3277
3277
3277
3277
3277
3277
3277
3277
3277
3277
3277
3277
3277
3277
3277
3277
3277
3277
3277
3277
3277
3277
3277
3277
3277
3277
3277
3277
3277
3277
3277
3277
3277
3277
3277
3277
3277
3277
3277
3277
3277
3277
3277
3277
3277
3277
3277
3277
3277
3277
3277
3277
3277
3277
3277
3277
3277
3277
3277
3277
3277
3277
3277
3277
3277
3277
3277
3277
3277
3277
3277
3277
3277
3277
3277
3277
3277
3277
3277
3277
3277
3277
3277
3277
3277
3277
3277
3277
3277
3277
3277
3277
3277
3277
3277
3277
3277
3277
3277
3277
3277
3277
3277
3277
3277
3277
3277
3277
3277
3277
3277
3277
3277
3277
3277
3277
3277
3277
3277
3277
3277
3277
3277
3277
3277
3277
3277
3277
3277
3277
3277
3277
3277
3277
3277
3277
3277
3277
3277
3277
3277
3277
3277
3277
3277
3277
3277
3277
3277
3277
3277
3277
3277
3277
3277
3277
3277
3277
3277
3277
3277
3277
3277
3277
3277
3277
3277
3277
3277
3277
3277
3277
3277
3277
3277
3277
3277
3277
3277
3277
3277
3277
3277
3277
3277
3277
3277
3277
3277
3277
3277
3277
3277
3277
3277
3277
3277
3277
3277
3277
3277
3277
3277
3277
3277
3277
3277
3277
3277
3277
3277
3277
3277
3277
3277
3277
3277
3277
3277
3277
3277
3277
3277
3277
3277
3277
3277
3277
3277
3277
3277
3277
3277
3277
3277
3277
3277
3277
3277
3277
3277
3277
3277
3277
3277
3277
3277
3277
3277
3277
3277
3277
3277
3277
3277
3277
3277
3277
3277
3277
3277
3277
3277
3277
3277
3277
3277
3277
3277
3277
3277
3277
3277
3277
3277
3277
3277
3277
3277
3277
3277
3277
3277
3277
3277
3277
3277
3277
3277
3277
3277
3277
3277
3277
3277
3277
3277
3277
3277
3277
3277
3277
3277
3277
3277
3277
3277
3277
3277
3277
3277
3277
3277
3277
3277
3277
3277
3277
3277
3277
3277
3277
3277
3277
3277
3277
3277
3277
3277
3277
3277
3277
3277
3277
3277
3277
3277
3277
3277
3277
3277
3277
3277
3277
3277
3277
3277
3277
3277
3277
3277
3277
3277
3277
3277
3277
3277
3277
3277
3277
3277
3277
3277
3277
3277
3277
3277
3277
3277
3277
3277
3277
3277
3277
3277
3277
3277
3277
3277
3277
3277
3277
3277
3277
3277
3277
3277
3277
3277
3277
3277
3277
3277
3277
3277
3277
3277
3277
3277
3277
3277
3277
3277
3277
3277
3277
3277
3277
3277
3277
3277
3277
3277
3277
3277
3277
3277
3277
3277
3277
3277
3277
3277
3277
3277
3277
3277
3277
3277
3277
3277
3277
3277
3277
3277
3277
3277
3277
3277
3277
3277
3277
3277
3277
3277
3277
3277
3277
3277
3277
3277
3277
3277
3277
3277
3277
3277
3277
3277
3277
3277
3277
3277
3277
3277
3277
3277
3277
3277
3277
3277
3277
3277
3277
3277
3277
3277
3277
3277
3277
3277
3277
3277
3277
3277
3277
3277
3277
3277
3277
3277
3277
3277
3277
3277
3277
3277
3277
3277
3277
3277
3277
3277
3277
3277
3277
3277
3277
3277
3277
3277
3277
3277
3277
3277
3277
3277
3277
3277
3277
3277
3277
3277
3277
3277
3277
3277
3277
3277
3277
3277
3277
3277
3277
3277
3277
3277
3277
3277
3277
3277
3277
3277
3277
3277
3277
3277
3277
3277
3277
3277
3277
3277
3277
3277
3277
3277
3277
3277
3277
3277
3277
3277
3277
3277
3277
3277
3277
3277
3277
3277
3277
3277
3277
3277
3277
3277
3277
3277
3277
3277
3277
3277
3277
3277
3277
3277
3277
3277
3277
3277
3277
3277
3277
3277
3277
3277
3277
3277
3277
3277
3277
3277
3277
3277
3277
3277
3277
3277
3277
3277
3277
3277
3277
3277
3277
3277
3277
3277
3277
3277
3277
3277
3277
3277
3277
3277
3277
3277
3277
3277
3277
3277
3277
3277
3277
3277
3277
3277
3277
3277
3277
3277
3277
3277
3277
3277
3277
3277
3277
3277
3277
3277
3277
3277
3277
3277
3277
3277
3277
3277
3277
3277
3277
3277
3277
3277
3277
3277
3277
3277
3277
3277
3277
3277
3277
3277
3277
3277
3277
3277
3277
3277
3277
3277
3277
3277
3277
3277
3277
3277
3277
3277
3277
3277
3277
3277
3277
3277
3277
3277
3277
3277
3277
3277
3277
3277
3277
3277
3277
3277
3277
3277
3277
3277
3277
3277
3277
3277
3277
3277
3277
3277
3277
3277
3277
3277
3277
3277
3277
3277
3277
3277
3277
3277
3277
3277
3277
3277
3277
3277
3277
3277
3277
3277
3277
3277
3277
3277
3277
3277
3277
3277
3277
3277
3277
3277
3277
3277
3277
3277
3277
3277
3277
3277
3277
3277
3277
3277
3277
3277
3277
3277
3277
3277
3277
3277
3277
3277
3277
3277
3277
3277
3277
3277
3277
3277
3277
3277
3277
3277
3277
3277
3277
3277
3277
3277
3277
3277
3277
3277
3277
3277
3277
3277
3277
3277
3277
3277
3277
3277
3277
3277
3277
3277
3277
3277
3277
3277
3277
3277
3277
3277
3277
3277
3277
3277
3277
3277
3277
3277
3277
3277
3277
3277
3277
3277
3277
3277
3277
3277
3277
3277
3277
3277
3277
3277
3277
3277
3277
3277
3277
3277
3277
3277
3277
3277
3277
3277
3277
3277
3277
3277
3277
3277
3277
3277
3277
3277
3277
3277
3277
3277
3277
3277
3277
3277
3277
3277
3277
3277
3277
3277
3277
3277
3277
3277
3277
3277
3277
3277
3277
3277
3277
3277
3277
3277
3277
3277
3277
3277
3277
3277
3277
3277
3277
3277
3277
3277
3277
3277
3277
3277
3277
3277
3277
3277
3277
3277
3277
3277
3277
3277
3277
3277
3277
3277
3277
3277
3277
3277
3277
3277
3277
3277
3277
3277
3277
3277
3277
3277
3277
3277
3277
3277
3277
3277
3277
3277
3277
3277
3277
3277
3277
3277
3277
3277
3277
3277
3277
3277
3277
3277
3277
3277
3277
3277
3277
3277
3277
3277
3277
3277
3277
3277
3277
3277
3277
3277
3277
3277
3277
3277
3277
3277
3277
3277
3277
3277
3277
3277
3277
3277
3277
3277
3277
3277
3277
3277
3277
3277
3277
3277
3277
3277
3277
3277
3277
3277
3277
3277
3277
3277
3277
3277
3277
3277
3277
3277
3277
3277
3277
3277
3277
3277
3277
3277
3277
3277
3277
3277
3277
3277
3277
3277
3277
3277
3277
3277
3277
3277
3277
3277
3277
3277
3277
3277
3277
3277
3277
3277
3277
3277
3277
3277
3277
3277
3277
3277
3277
3277
3277
3277
3277
3277
3277
3277
3277
3277
3277
3277
3277
3277
3277
3277
3277
3277
3277
3277
3277
3277
3277
3277
3277
3277
3277
3277
3277
3277
3277
3277
3277
3277
3277
3277
3277
3277
3277
3277
3277
3277
3277
3277
3277
3277
3277
3277
3277
3277
3277
3277
3277
3277
3277
3277
3277
3277
3277
3277
3277
3277
3277
3277
3277
3277
3277
3277
3277
3277
3277
3277
3277
3277
3277
3277
3277
3277
3277
3277
3277
3277
3277
3277
3277
3277
3277
3277
3277
3277
3277
3277
3277
3277
3277
3277
3277
3277
3277
3277
3277
3277
3277
3277
3277
3277
3277
3277
3277
3277
3277
3277
3277
3277
3277
3277
3277
3277
3277
3277
3277
3277
3277
3277
3277
3277
3277
3277
3277
3277
3277
3277
3277
3277
3277
3277
3277
3277
3277
3277
3277
3277
3277
3277
3277
3277
3277
3277
3277
3277
3277
3277
3277
3277
3277
3277
3277
3277
3277
3277
3277
3277
3277
3277
3277
3277
3277
3277
3277
3277
3277
3277
3277
3277
3277
3277
3277
3277
3277
3277
3277
3277
3277
3277
3277
3277
3277
3277
3277
3277
3277
3277
3277
3277
3277
3277
3277
3277
3277
3277
3277
3277
3277
3277
3277
3277
3277
3277
3277
3277
3277
3277
3277
3277
3277
3277
3277
3277
3277
3277
3277
3277
3277
3277
3277
3277
3277
3277
3277
3277
3277
3277
3277
3277
3277
3277
3277
3277
3277
3277
3277
3277
3277
3277
3277
3277
3277
3277
3277
3277
3277
3277
3277
3277
3277
3277
3277
3277
3277
3277
3277
3277
3277
3277
3277
3277
3277
3277
3277
3277
3277
3277
3277
3277
3277
3277
3277
3277
3277
3277
3277
3277
3277
3277
3277
3277
3277
3277
3277
3277
3277
3277
3277
3277
3277
3277
3277
3277
3277
3277
3277
3277
3277
3277
3277
3277
3277
3277
3277
3277
3277
3277
3277
3277
3277
3277
3277
3277
3277
3277
3277
3277
3277
3277
3277
3277
3277
3277
3277
3277
3277
3277
3277
3277
3277
3277
3277
3277
3277
3277
3277
3277
3277
3277
3277
3277
3277
3277
3277
3277
3277
3277
3277
3277
3277
3277
3277
3277
3277
3277
3277
3277
3277
3277
3277
3277
3277
3277
3277
3277
3277
3277
3277
3277
3277
3277
3277
3277
3277
3277
3277
3277
3277
3277
3277
3277
3277
3277
3277
3277
3277
3277
3277
3277
3277
3277
3277
3277
3277
3277
3277
3277
3277
3277
3277
3277
3277
3277
3277
3277
3277
3277
3277
3277
3277
3277
3277
3277
3277
3277
3277
3277
3277
3277
3277
3277
3277
3277
3277
3277
3277
3277
3277
3277
3277
3277
3277
3277
3277
3277
3277
3277
3277
3277
3277
3277
3277
3277
3277
3277
3277
3277
3277
3277
3277
3277
3277
3277
3277
3277
3277
3277
3277
3277
3277
3277
3277
3277
3277
3277
3277
3277
3277
3277
3277
3277
3277
3277
3277
3277
3277
3277
3277
3277
3277
3277
3277
3277
3277
3277
3277
3277
3277
3277
3277
3277
3277
3277
3277
3277
3277
3277
3277
3277
3277
3277
3277
3277
3277
3277
3277
3277
3277
3277
3277
3277
3277
3277
3277
3277
3277
3277
3277
3277
3277
3277
3277
3277
3277
3277
3277
3277
3277
3277
3277
3277
3277
3277
3277
3277
3277
3277
3277
3277
3277
3277
3277
3277
3277
3277
3277
3277
3277
3277
3277
3277
3277
3277
3277
3277
3277
3277
3277
3277
3277
3277
3277
3277
3277
3277
3277
3277
3277
3277
3277
3277
3277
3277
3277
3277
3277
3277
3277
3277
3277
3277
3277
3277
3277
3277
3277
3277
3277
3277
3277
3277
3277
3277
3277
3277
3277
3277
3277
3277
3277
3277
3277
3277
3277
3277
3277
3277
3277
3277
3277
3277
3277
3277
3277
3277
3277
3277
3277
3277
3277
3277
3277
3277
3277
3277
3277
3277
3277
3277
3277
3277
3277
3277
3277
3277
3277
3277
3277
3277
3277
3277
3277
3277
3277
3277
3277
3277
3277
3277
3277
3277
3277
3277
3277
3277
3277
3277
3277
3277
3277
3277
3277
3277
3277
3277
3277
3277
3277
3277
3277
3277
3277
3277
3277
3277
3277
3277
3277
3277
3277
3277
3277
3277
3277
3277
3277
3277
3277
3277
3277
3277
3277
3277
3277
3277
3277
3277
3277
3277
3277
3277
3277
3277
3277
3277
3277
3277
3277
3277
3277
3277
3277
3277
3277
3277
3277
3277
3277
3277
3277
3277
3277
3277
3277
3277
3277
3277
3277
3277
3277
3277
3277
3277
3277
3277
3277
3277
3277
3277
3277
3277
3277
3277
3277
3277
3277
3277
3277
3277
3277
3277
3277
3277
3277
3277
3277
3277
3277
3277
3277
3277
3277
3277
3277
3277
3277
3277
3277
3277
3277
3277
3277
3277
3277
3277
3277
3277
3277
3277
3277
3277
3277
3277
3277
3277
3277
3277
3277
3277
3277
3277
3277
3277
3277
3277
3277
3277
3277
3277
3277
3277
3277
3277
3277
3277
3277
3277
3277
3277
3277
3277
3277
3277
3277
3277
3277
3277
3277
3277
3277
3277
3277
3277
3277
3277
3277
3277
3277
3277
3277
3277
3277
3277
3277
3277
3277
3277
3277
3277
3277
3277
3277
3277
3277
3277
3277
3277
3277
3277
3277
3277
3277
3277
3277
3277
3277
3277
3277
3277
3277
3277
3277
3277
3277
3277
3277
3277
3277
3277
3277
3277
3277
3277
3277
3277
3277
3277
3277
3277
3277
3277
3277
3277
3277
3277
3277
3277
3277
3277
3277
3277
3277
3277
3277
3277
3277
3277
3277
3277
3277
3277
3277
3277
3277
3277
3277
3277
3277
3277
3277
3277
3277
3277
3277
3277
3277
3277
3277
3277
3277
3277
3277
3277
3277
3277
3277
3277
3277
3277
3277
3277
3277
3277
3277
3277
3277
3277
3277
3277
3277
3277
3277
3277
3277
3277
3277
3277
3277
3277
3277
3277
3277
3277
3277
3277
3277
3277
3277
3277
3277
3277
3277
3277
3277
3277
3277
3277
3277
3277
3277
3277
3277
3277
3277
3277
3277
3277
3277
3277
3277
3277
3277
3277
3277
3277
3277
3277
3277
3277
3277
3277
3277
3277
3277
3277
3277
3277
3277
3277
3277
3277
3277
3277
3277
3277
3277
3277
3277
3277
3277
3277
3277
3277
3277
3277
3277
3277
3277
3277
3277
3277
3277
3277
3277
3277
3277
3277
3277
3277
3277
3277
3277
3277
3277
3277
3277
3277
3277
3277
3277
3277
3277
3277
3277
3277
3277
3277
3277
3277
3277
3277
3277
3277
3277
3277
3277
3277
3277
3277
3277
3277
3277
3277
3277
3277
3277
3277
3277
3277
3277
3277
3277
3277
3277
3277
3277
3277
3277
3277
3277
3277
3277
3277
3277
3277
3277
3277
3277
3277
3277
3277
3277
3277
3277
3277
3277
3277
3277
3277
3277
3277
3277
3277
3277
3277
3277
3277
3277
3277
3277
3277
3277
3277
3277
3277
3277
3277
3277
3277
3277
3277
3277
3277
3277
3277
3277
3277
3277
3277
3277
3277
3277
3277
3277
3277
3277
3277
3277
3277
3277
3277
3277
3277
3277
3277
3277
3277
3277
3277
3277
3277
3277
3277
3277
3277
3277
3277
3277
3277
3277
3277
3277
3277
3277
3277
3277
3277
3277
3277
3277
3277
3277
3277
3277
3277
3277
3277
3277
3277
3277
3277
3277
3277
3277
3277
3277
3277
3277
3277
3277
3277
3277
3277
3277
3277
3277
3277
3277
3277
3277
3277
3277
3277
3277
3277
3277
3277
3277
3277
3277
3277
3277
3277
3277
3277
3277
3277
3277
3277
3277
3277
3277
3277
3277
3277
3277
3277
3277
3277
3277
3277
3277
3277
3277
3277
3277
3277
3277
3277
3277
3277
3277
3277
3277
3277
3277
3277
3277
3277
3277
3277
3277
3277
3277
3277
3277
3277
3277
3277
3277
3277
3277
3277
3277
3277
3277
3277
3277
3277
3277
3277
3277
3277
3277
3277
3277
3277
3277
3277
3277
3277
3277
3277
3277
3277
3277
3277
3277
3277
3277
3277
3277
3277
3277
3277
3277
3277
3277
3277
3277
3277
3277
3277
3277
3277
3277
3277
3277
3277
3277
3277
3277
3277
3277
3277
3277
3277
3277
3277
3277
3277
3277
3277
3277
3277
3277
3277
3277
3277
3277
3277
3277
3277
3277
3277
3277
3277
3277
3277
3277
3277
3277
3277
3277
3277
3277
3277
3277
3277
3277
3277
3277
3277
3277
3277
3277
3277
3277
3277
3277
3277
3277
3277
3277
3277
3277
3277
3277
3277
3277
3277
3277
3277
3277
3277
3277
3277
3277
3277
3277
3277
3277
3277
3277
3277
3277
3277
3277
3277
3277
3277
3277
3277
3277
3277
3277
3277
3277
3277
3277
3277
3277
3277
3277
3277
3277
3277
3277
3277
3277
3277
3277
3277
3277
3277
3277
3277
3277
3277
3277
3277
3277
3277
3277
3277
3277
3277
3277
3277
3277
3277
3277
3277
3277
3277
3277
3277
3277
3277
3277
3277
3277
3277
3277
3277
3277
3277
3277
3277
3277
3277
3277
3277
3277
3277
3277
3277
3277
3277
3277
3277
3277
3277
3277
3277
3277
3277
3277
3277
3277
3277
3277
3277
3277
3277
3277
3277
3277
3277
3277
3277
3277
3277
3277
3277
3277
3277
3277
3277
3277
3277
3277
3277
3277
3277
3277
3277
3277
3277
3277
3277
3277
3277
3277
3277
3277
3277
3277
3277
3277
3277
3277
3277
3277
3277
3277
3277
3277
3277
3277
3277
3277
3277
3277
3277
3277
3277
3277
3277
3277
3277
3277
3277
3277
3277
3277
3277
3277
3277
3277
3277
3277
3277
3277
3277
3277
3277
3277
3277
3277
3277
3277
3277
3277
3277
3277
3277
3277
3277
3277
3277
3277
3277
3277
3277
3277
3277
3277
3277
3277
3277
3277
3277
3277
3277
3277
3277
3277
3277
3277
3277
3277
3277
3277
3277
3277
3277
3277
3277
3277
3277
3277
3277
3277
3277
3277
3277
3277
3277
3277
3277
3277
3277
3277
3277
3277
3277
3277
3277
3277
3277
3277
3277
3277
3277
3277
3277
3277
3277
3277
3277
3277
3277
3277
3277
3277
3277
3277
3277
3277
3277
3277
3277
3277
3277
3277
3277
3277
3277
3277
3277
3277
3277
3277
3277
3277
3277
3277
3277
3277
3277
3277
3277
3277
3277
3277
3277
3277
3277
3277
3277
3277
3277
3277
3277
3277
3277
3277
3277
3277
3277
3277
3277
3277
3277
3277
3277
3277
3277
3277
3277
3277
3277
3277
3277
3277
3277
3277
3277
3277
3277
3277
3277
3277
3277
3277
3277
3277
3277
3277
3277
3277
3277
3277
3277
3277
3277
3277
3277
3277
3277
3277
3277
3277
3277
3277
3277
3277
3277
3277
3277
3277
3277
3277
3277
3277
3277
3277
3277
3277
3277
3277
3277
3277
3277
3277
3277
3277
3277
3277
3277
3277
3277
3277
3277
3277
3277
3277
3277
3277
3277
3277
3277
3277
3277
3277
3277
3277
3277
3277
3277
3277
3277
3277
3277
3277
3277
3277
3277
3277
3277
3277
3277
3277
3277
3277
3277
3277
3277
3277
3277
3277
3277
3277
3277
3277
3277
3277
3277
3277
3277
3277
3277
3277
3277
3277
3277
3277
3277
3277
3277
3277
3277
3277
3277
3277
3277
3277
3277
3277
3277
3277
3277
3277
3277
3277
3277
3277
3277
3277
3277
3277
3277
3277
3277
3277
3277
3277
3277
3277
3277
3277
3277
3277
3277
3277
3277
3277
3277
3277
3277
3277
3277
3277
3277
3277
3277
3277
3277
3277
3277
3277
3277
3277
3277
3277
3277
3277
3277
3277
3277
3277
3277
3277
3277
3277
3277
3277
3277
3277
3277
3277
3277
3277
3277
3277
3277
3277
3277
3277
3277
3277
3277
3277
3277
3277
3277
3277
3277
3277
3277
3277
3277
3277
3277
3277
3277
3277
3277
3277
3277
3277
3277
3277
3277
3277
3277
3277
3277
3277
3277
3277
3277
3277
3277
3277
3277
3277
3277
3277
3277
3277
3277
3277
3277
3277
3277
3277
3277
3277
3277
3277
3277
3277
3277
3277
3277
3277
3277
3277
3277
3277
3277
3277
3277
3277
3277
3277
3277
3277
3277
3277
3277
3277
3277
3277
3277
3277
3277
3277
3277
3277
3277
3277
3277
3277
3277
3277
3277
3277
3277
3277
3277
3277
3277
3277
3277
3277
3277
3277
3277
3277
3277
3277
3277
3277
3277
3277
3277
3277
3277
3277
3277
3277
3277
3277
3277
3277
3277
3277
3277
3277
3277
3277
3277
3277
3277
3277
3277
3277
3277
3277
3277
3277
3277
3277
3277
3277
3277
3277
3277
3277
3277
3277
3277
3277
3277
3277
3277
3277
3277
3277
3277
3277
3277
3277
3277
3277
3277
3277
3277
3277
3277
3277
3277
3277
3277
3277
3277
3277
3277
3277
3277
3277
3277
3277
3277
3277
3277
3277
3277
3277
3277
3277
3277
3277
3277
3277
3277
3277
3277
3277
3277
3277
3277
3277
3277
3277
3277
3277
3277
3277
3277
3277
3277
3277
3277
3277
3277
3277
3277
3277
3277
3277
3277
3277
3277
3277
3277
3277
3277
3277
3277
3277
3277
3277
3277
3277
3277
3277
3277
3277
3277
3277
3277
3277
3277
3277
3277
3277
3277
3277
3277
3277
3277
3277
3277
3277
3277
3277
3277
3277
3277
3277
3277
3277
3277
3277
3277
3277
3277
3277
3277
3277
3277
3277
3277
3277
3277
3277
3277
3277
3277
3277
3277
3277
3277
3277
3277
3277
3277
3277
3277
3277
3277
3277
3277
3277
3277
3277
3277
3277
3277
3277
3277
3277
3277
3277
3277
3277
3277
3277
3277
3277
3277
3277
3277
3277
3277
3277
3277
3277
3277
